14 12 28      
7800 0.1 200  
1 2 0 10      
1 4 90 10     
1 5 45 14.14213562373095
2 5 90 10
2 4 135 14.14213562373095
3 4 0 10
3 7 90 10
3 8 45 14.14213562373095
4 5 0 10
4 8 90 10
4 9 45 14.14213562373095
5 6 0 10
5 9 90 10
5 8 135 14.14213562373095
6 9 135 14.14213562373095
6 10 90 10
7 8 0 10
8 9 0 10
8 11 90 10
8 12 45 14.14213562373095
9 10 0 10
9 11 135 14.14213562373095
9 12 90 10
11 12 0 10
11 13 116.5650511770780 11.18033988749895
11 14 33.69006752597979 18.02775637731995
12 13 146.3099324740202 18.02775637731995
12 14 63.43494882292201 11.18033988749895

